@relation RedditPython

@attribute number_of_comments real
@attribute number_of_points real
@attribute time_of_submission real
@attribute time_took_to_comment real


@data
140,190,1476782321.0,140869.80714285714
129,325,1478556371.0,77317.96899224806
59,129,1458257951.0,752265.1525423729
74,368,1445151580.0,1656611.2972972973
75,210,1442900398.0,674387.96
52,124,1471391455.0,816202.0961538461
81,552,1484721310.0,50125.88888888889
20,233,1483166808.0,30346.2
90,386,1481463529.0,148652.92222222223
22,62,1490126722.0,51994.818181818184
31,79,1482302571.0,173928.2258064516
12,77,1434663089.0,18781.916666666668
50,108,1430441276.0,252997.3
95,340,1480349132.0,44926.85263157895
50,195,1486477003.0,243102.66
56,131,1451358379.0,219929.0357142857
80,173,1487443688.0,75445.0375
60,157,1477610663.0,288572.85
47,182,1479178712.0,883346.3829787234
36,175,1428397747.0,761518.6388888889
23,68,1424347696.0,272640.52173913043
190,862,1489952978.0,62730.31052631579
65,210,1474582724.0,64492.661538461536
60,305,1466746238.0,75850.26666666666
7,14,1486534966.0,563279.8571428572
60,154,1429656827.0,82408.91666666667
56,262,1373308992.0,393884.53571428574
12,21,1484986291.0,244082.0
47,170,1489523552.0,87894.76595744681
49,203,1372315781.0,968362.0204081633
11,47,1458100504.0,62699.545454545456
4,10,1454524854.0,25077.0
160,895,1472448480.0,205817.8
207,1209,1476122039.0,118019.25603864735
50,185,1462397644.0,49415.92
42,121,1487670684.0,83178.80952380953
46,79,1467143562.0,47235.782608695656
18,6,1459425029.0,149358.72222222222
17,62,1482815562.0,60242.76470588235
10,52,1483263552.0,49239.1
20,130,1480482683.0,29995.95
27,120,1419835877.0,73065.51851851853
25,63,1481980822.0,370828.68
17,104,1479693940.0,29422.29411764706
29,60,1431484606.0,59485.48275862069
36,142,1412830943.0,25475.166666666668
35,64,1483699036.0,304845.65714285715
46,415,1461646385.0,44140.760869565216
7,23,1475795081.0,26170.428571428572
8,91,1488580832.0,30932.375
63,149,1485908583.0,53689.06349206349
28,91,1485412335.0,66553.67857142857
19,71,1470974470.0,47151.0
18,36,1441257580.0,383824.05555555556
15,38,1487974772.0,33259.2
10,40,1487788054.0,30564.9
15,34,1451886046.0,94466.4
42,118,1442044726.0,46170.73809523809
87,207,1439549938.0,123790.41379310345
64,405,1372136733.0,48321.46875
14,36,1491102768.0,34196.28571428572
69,357,1477281048.0,214290.5652173913
21,47,1436387921.0,267892.14285714284
10,44,1484153401.0,32485.7
17,49,1390098926.0,1763130.1764705882
71,681,1481333296.0,57123.2676056338
45,246,1479472034.0,38107.71111111111
25,128,1460584884.0,19192.92
12,23,1451425389.0,43722.666666666664
37,81,1471317801.0,66003.86486486487
8,11,1480598608.0,907982.75
117,257,1475630592.0,56160.88888888889
58,334,1464387783.0,34358.74137931035
32,151,1486850998.0,82293.8125
12,44,1421897419.0,39528.416666666664
36,183,1469249896.0,207549.05555555556
49,210,1465633865.0,48632.36734693877
38,93,1487717322.0,91259.86842105263
3,6,1460681894.0,37582.0
29,86,1366077565.0,33918.65517241379
31,145,1477187863.0,72794.80645161291
50,207,1462515764.0,51540.86
6,17,1459019569.0,29793.5
44,124,1427001992.0,629994.4318181818
17,78,1489799262.0,56163.58823529412
41,289,1487226691.0,97666.78048780488
37,119,1415317148.0,67653.16216216216
35,143,1422906377.0,62861.8
8,46,1476501193.0,95965.375
89,606,1450880600.0,60488.15730337079
46,167,1463392865.0,36856.586956521736
95,490,1488294892.0,34514.83157894737
43,101,1458781378.0,43313.46511627907
78,264,1483995327.0,84827.47435897436
25,103,1481146162.0,49135.0
7,23,1487313235.0,40657.42857142857
13,46,1444337235.0,34299.846153846156
80,171,1444041600.0,406949.5375
70,127,1446783539.0,82408.92857142857
15,25,1447812845.0,42461.13333333333
140,193,1476782321.0,140869.80714285714
129,329,1478556371.0,77317.96899224806
59,131,1458257951.0,752265.1525423729
74,363,1445151580.0,1656611.2972972973
75,215,1442900398.0,674387.96
52,126,1471391455.0,816202.0961538461
81,553,1484721310.0,50125.88888888889
20,231,1483166808.0,30346.2
90,387,1481463529.0,148652.92222222223
22,67,1490126722.0,51994.818181818184
31,81,1482302571.0,173928.2258064516
12,74,1434663089.0,18781.916666666668
50,108,1430441276.0,252997.3
95,350,1480349132.0,44926.85263157895
50,195,1486477003.0,243102.66
56,131,1451358379.0,219929.0357142857
80,171,1487443688.0,75445.0375
60,159,1477610663.0,288572.85
47,178,1479178712.0,883346.3829787234
36,176,1428397747.0,761518.6388888889
23,64,1424347696.0,272640.52173913043
190,869,1489952978.0,62730.31052631579
65,209,1474582724.0,64492.661538461536
60,303,1466746238.0,75850.26666666666
7,14,1486534966.0,563279.8571428572
60,158,1429656827.0,82408.91666666667
56,248,1373308992.0,393884.53571428574
12,21,1484986291.0,244082.0
47,173,1489523552.0,87894.76595744681
49,199,1372315781.0,968362.0204081633
11,47,1458100504.0,62699.545454545456
4,10,1454524854.0,25077.0
160,908,1472448480.0,205817.8
207,1202,1476122039.0,118019.25603864735
50,184,1462397644.0,49415.92
42,119,1487670684.0,83178.80952380953
46,79,1467143562.0,47235.782608695656
18,0,1459425029.0,149358.72222222222
17,63,1482815562.0,60242.76470588235
10,52,1483263552.0,49239.1
20,130,1480482683.0,29995.95
27,117,1419835877.0,73065.51851851853
25,64,1481980822.0,370828.68
17,102,1479693940.0,29422.29411764706
29,60,1431484606.0,59485.48275862069
36,135,1412830943.0,25475.166666666668
35,67,1483699036.0,304845.65714285715
46,412,1461646385.0,44140.760869565216
7,28,1475795081.0,26170.428571428572
8,97,1488580832.0,30932.375
63,147,1485908583.0,53689.06349206349
28,90,1485412335.0,66553.67857142857
19,69,1470974470.0,47151.0
18,34,1441257580.0,383824.05555555556
15,40,1487974772.0,33259.2
10,39,1487788054.0,30564.9
15,34,1451886046.0,94466.4
42,110,1442044726.0,46170.73809523809
87,210,1439549938.0,123790.41379310345
18,46,1491102768.0,48102.5
64,396,1372136733.0,48321.46875
69,355,1477281048.0,214290.5652173913
21,47,1436387921.0,267892.14285714284
10,43,1484153401.0,32485.7
17,49,1390098926.0,1763130.1764705882
71,680,1481333296.0,57123.2676056338
45,249,1479472034.0,38107.71111111111
25,125,1460584884.0,19192.92
12,23,1451425389.0,43722.666666666664
37,84,1471317801.0,66003.86486486487
8,11,1480598608.0,907982.75
117,259,1475630592.0,56160.88888888889
58,340,1464387783.0,34358.74137931035
32,155,1486850998.0,82293.8125
12,42,1421897419.0,39528.416666666664
36,191,1469249896.0,207549.05555555556
49,212,1465633865.0,48632.36734693877
38,93,1487717322.0,91259.86842105263
3,7,1460681894.0,37582.0
29,86,1366077565.0,33918.65517241379
31,145,1477187863.0,72794.80645161291
50,199,1462515764.0,51540.86
6,17,1459019569.0,29793.5
44,125,1427001992.0,629994.4318181818
17,77,1489799262.0,56163.58823529412
41,285,1487226691.0,97666.78048780488
37,110,1415317148.0,67653.16216216216
35,150,1422906377.0,62861.8
8,48,1476501193.0,95965.375
89,612,1450880600.0,60488.15730337079
46,171,1463392865.0,36856.586956521736
95,507,1488294892.0,34514.83157894737
43,99,1458781378.0,43313.46511627907
78,267,1483995327.0,84827.47435897436
25,101,1481146162.0,49135.0
7,23,1487313235.0,40657.42857142857
13,47,1444337235.0,34299.846153846156
80,170,1444041600.0,406949.5375
70,127,1446783539.0,82408.92857142857
15,24,1447812845.0,42461.13333333333
142,193,1476782321.0,343801.1549295775
129,326,1478556371.0,77317.96899224806
59,129,1458257951.0,752265.1525423729
74,365,1445151580.0,1656611.2972972973
75,204,1442900398.0,674387.96
52,118,1471391455.0,816202.0961538461
82,546,1484721310.0,131216.43902439025
21,236,1483166808.0,421952.0
90,382,1481463529.0,148652.92222222223
22,61,1490126722.0,51994.818181818184
31,82,1482302571.0,173928.2258064516
12,77,1434663089.0,18781.916666666668
50,107,1430441276.0,252997.3
95,345,1480349132.0,44926.85263157895
50,197,1486477003.0,243102.66
56,130,1451358379.0,219929.0357142857
80,169,1487443688.0,75445.0375
60,158,1477610663.0,288572.85
47,184,1479178712.0,883346.3829787234
36,171,1428397747.0,761518.6388888889
23,66,1424347696.0,272640.52173913043
191,870,1489952978.0,69447.85863874346
65,214,1474582724.0,64492.661538461536
60,301,1466746238.0,75850.26666666666
7,13,1486534966.0,563279.8571428572
60,155,1429656827.0,82408.91666666667
56,256,1373308992.0,393884.53571428574
12,21,1484986291.0,244082.0
47,170,1489523552.0,87894.76595744681
49,200,1372315781.0,968362.0204081633
11,48,1458100504.0,62699.545454545456
4,10,1454524854.0,25077.0
160,897,1472448480.0,205817.8
207,1200,1476122039.0,118019.25603864735
50,184,1462397644.0,49415.92
42,118,1487670684.0,83178.80952380953
46,82,1467143562.0,47235.782608695656
18,5,1459425029.0,149358.72222222222
17,63,1482815562.0,60242.76470588235
10,51,1483263552.0,49239.1
20,134,1480482683.0,29995.95
27,121,1419835877.0,73065.51851851853
25,66,1481980822.0,370828.68
17,108,1479693940.0,29422.29411764706
29,60,1431484606.0,59485.48275862069
36,133,1412830943.0,25475.166666666668
35,61,1483699036.0,304845.65714285715
46,414,1461646385.0,44140.760869565216
7,25,1475795081.0,26170.428571428572
8,97,1488580832.0,30932.375
63,147,1485908583.0,53689.06349206349
28,92,1485412335.0,66553.67857142857
19,71,1470974470.0,47151.0
18,34,1441257580.0,383824.05555555556
15,41,1487974772.0,33259.2
10,37,1487788054.0,30564.9
15,34,1451886046.0,94466.4
42,112,1442044726.0,46170.73809523809
87,217,1439549938.0,123790.41379310345
19,48,1491102768.0,56240.89473684211
64,411,1372136733.0,48321.46875
69,351,1477281048.0,214290.5652173913
21,48,1436387921.0,267892.14285714284
10,44,1484153401.0,32485.7
17,50,1390098926.0,1763130.1764705882
71,684,1481333296.0,57123.2676056338
45,251,1479472034.0,38107.71111111111
25,126,1460584884.0,19192.92
12,23,1451425389.0,43722.666666666664
37,79,1471317801.0,66003.86486486487
8,11,1480598608.0,907982.75
117,253,1475630592.0,56160.88888888889
58,335,1464387783.0,34358.74137931035
32,148,1486850998.0,82293.8125
12,40,1421897419.0,39528.416666666664
36,184,1469249896.0,207549.05555555556
49,209,1465633865.0,48632.36734693877
38,92,1487717322.0,91259.86842105263
3,6,1460681894.0,37582.0
29,88,1366077565.0,33918.65517241379
31,143,1477187863.0,72794.80645161291
50,198,1462515764.0,51540.86
6,17,1459019569.0,29793.5
44,122,1427001992.0,629994.4318181818
17,78,1489799262.0,56163.58823529412
41,295,1487226691.0,97666.78048780488
37,115,1415317148.0,67653.16216216216
35,146,1422906377.0,62861.8
8,49,1476501193.0,95965.375
89,611,1450880600.0,60488.15730337079
46,166,1463392865.0,36856.586956521736
95,481,1488294892.0,34514.83157894737
43,101,1458781378.0,43313.46511627907
78,263,1483995327.0,84827.47435897436
25,101,1481146162.0,49135.0
7,22,1487313235.0,40657.42857142857
13,49,1444337235.0,34299.846153846156
80,163,1444041600.0,406949.5375
70,126,1446783539.0,82408.92857142857
15,23,1447812845.0,42461.13333333333
